18823844853
29446566273
15120001163
72830856834
19537928373
21876879814
27385251666
26243736293
41565069933
21952863975
21160009143
12562563794
33648679996
23844392546
62171468163
52924853346
45947262374
44171763323
56108646354
17484393723
34944812474
15899524543
47764086573
10953516173
95281286273
35347592873
23833609443
56785301883
15717001263
15526282983
11917204442
20736073784
46350008533
55200115635
32142049663
29276649773
24863412155
31212007973
13699864456
16547843423
50460012744
50914192184
18035364794
53816326265
34411557743
30474998293
23219042713
55016039934
12719739662
54456317524
40360324143
38847242593
60920504853
18841692854
36750089884
25700476324
42419297485
73728086764
69825002563
47425304823
10497695794
11357408252
31768396525
12240085164
59565181345
41750178164
57971586524
89964006473
38934369543
43120044294
22997529883
75271687563
64033201363
23152548884
91004075963
23397519734
73960005933
33210014874
40575678734
49438409193
86444826633
22052259813
64632966743
24563162743
14097888832
41616019744
11407536124
60637528534
19296773285
19132753483
46373606963
24813541583
53397262543
19743755953
12905759763
87120994285
29525115366
10764844124
47089382115
10899448322
17576018584
23258528483
15953694524
12247243283
16563699943
19844009263
16291639414
87723005433
86699312854
51846861896
22896428865
63355538194
17544603863
51499874864
46656878225
90037501773
55449622854
13996893644
13628167413
15342399673
17858565423
21968329653
16832461124
32400007343
15558523354
11451444933
65818047153
36602503663
85015981663
39118166413
19874463894
13824001793
14738867613
12900486272
14555522293
45200923375
23716004723
97611552174
35896252753
12558651223
30251009373
17510405833
31104005533
44117815623
80000736795
12392366613
48259645333
43560098954
27972436213
17394187354
37941486723
17678255333
94187288764
15252250592
13312053622
25464324433
70388563354
40960437955
42880013334
18404104443
33633759717
77539228893
38020876684
30197618343
28726128183
55224866757
86802036373
46227683673
61009002533
15595202463
47698562243
31293449613
11774038154
36963009723
72000072724
26522504523
11898563133
49766407593
48791163653
38405499284
94286259183
22495643763
19656602523
23312523683
11255976752
53872288154
67321707823
10073046893
13689005683
11236000682
87258877444
68227632964
35520064454
97253224184
82502132514
17571208183
46550635335
29768177245
28196104193
65707211814
